10000
22260 49999 15721 19616 39383 18494 13058 53797 32909 61723 
805 48509 81779 29417 42528 49747 897 65064 58225 45723 
23814 12683 68013 72855 8843 12344 60306 91195 71767 79540 
85313 10379 29539 1033 29994 85273 19526 43051 55422 68786 
21126 56226 17294 2904 85643 76174 69002 86539 41237 27226 
32261 81402 56260 16626 54257 81455 28969 14562 89001 17088 
10454 74313 27466 39992 91697 73811 41616 27574 33214 97037 
96359 54339 53263 30005 57242 38905 6178 26243 41795 47414 
69821 90407 45168 42432 7032 99424 23886 52353 30337 12886 
69440 40790 87198 13257 97133 78894 87067 38749 6467 20280 
35785 19178 90970 5399 49182 48211 44303 55359 90806 2449 
19124 76978 92856 64291 19409 16239 80066 43295 68591 10403 
56180 54382 67544 59730 67638 81029 54975 54705 19777 77794 
91336 71913 96971 82306 93664 62504 46868 54318 17862 37673 
56767 53337 14650 65974 17628 50411 82212 97693 93705 67155 
24447 66236 21536 91991 25965 89174 73019 80940 60230 9147 
58733 51565 97411 72055 50222 91074 34558 13442 45392 68771 
51114 18510 22107 82116 84483 56086 32526 83046 70131 42582 
50200 94577 8817 71736 2919 51134 60909 92289 48425 21138 
17787 7157 89054 15198 95563 55628 22623 46472 69069 84366 
15242 36534 2875 53700 18649 3709 9786 67526 86755 96268 
26459 36954 90844 35276 25041 93763 2761 85949 2403 51185 
23438 20190 74693 28844 35387 70255 84471 74361 16726 53539 
58727 48319 6424 77953 2018 25073 81662 28155 8950 84768 
24422 51761 38073 31618 87036 63114 41732 89796 65414 44134 
40980 88852 64323 15672 34047 16061 2278 18517 90422 35355 
88407 65500 83673 94830 43452 2042 36254 41465 46549 61556 
42584 87322 13316 80657 18939 16703 43770 60670 22850 25535 
4804 80181 14386 69126 12204 64784 85187 14481 83300 91960 
49835 88058 57459 49859 99240 17262 51900 35493 58727 14800 
13400 1310 2122 26715 98318 21060 59769 58439 98082 82618 
83974 2885 62798 14711 88362 75001 79495 89900 5833 79146 
81859 72019 83556 55669 21877 82795 72931 90129 34639 48009 
4928 48039 65670 23401 91105 63988 44461 50874 22426 42542 
33491 22751 61778 12641 37462 66491 87641 33308 56391 9826 
12453 54601 81844 96008 10270 20073 95154 99552 10201 29793 
47560 31480 94183 13229 54881 85287 93568 15693 52512 32346 
74586 2355 55096 52715 14995 8909 19205 18987 42216 91947 
28812 71021 46548 27008 83380 73169 47080 94886 72720 57280 
24678 20279 5111 35212 49859 76343 36850 59779 92035 89362 
92124 82972 8068 63571 35686 23062 72480 71243 58400 31047 
63189 87212 18419 9736 14219 1799 82904 61298 13036 71975 
34929 37713 8605 56391 89276 74816 32734 26125 34594 24768 
31838 43069 24092 39905 6639 59777 79318 95470 31019 37718 
42869 94208 41281 61287 20295 71851 79437 19551 49500 92472 
7877 780 46536 16482 57170 35811 91297 89903 78288 42242 
31023 10125 85310 55114 66382 8300 14890 45699 3770 62261 
99768 62990 72820 41048 40628 9466 12898 20065 45368 78749 
28888 53245 79528 91776 69726 36698 43938 77374 26600 22225 
19615 57622 48702 4924 12735 15083 29575 43977 77133 49696 
22589 76901 12685 11760 34300 53313 21225 63550 89729 66593 
42298 34968 19837 21826 26743 5914 58523 70681 83287 1474 
9257 19253 59096 57958 40528 88182 73040 70102 32158 66525 
19798 71098 43425 32482 82857 77724 2146 4082 41273 91874 
87026 99923 43194 6862 21748 69936 29127 96622 40616 28765 
98095 66225 48017 57190 24182 88544 61724 13574 74997 93881 
80098 94794 64979 39874 43628 64187 17597 45773 68268 75222 
53999 55293 75144 97192 78506 13243 83479 7632 9864 40447 
52748 24310 6671 764 97852 30852 5659 59575 44425 80656 
69807 40874 75449 51137 80747 35428 15324 14696 97553 83591 
6269 51551 55236 97764 65094 50093 11006 48572 74077 37221 
5370 26824 61530 12040 27588 59381 42892 33246 35307 3668 
30253 5114 60894 5702 56250 41640 41129 87925 56335 55033 
87868 78955 6583 43103 76718 88028 93195 4075 52952 83623 
41295 58321 10447 19177 70361 54386 94909 29604 3983 46568 
49623 34236 51681 10516 39937 24282 68508 97417 28559 41194 
52450 16426 20149 75384 59528 96866 79764 69074 17293 32715 
52697 74939 7387 79495 94115 94099 33880 5376 23702 37862 
51943 89677 72097 19975 192 28385 60608 85051 42154 89166 
26245 10955 5591 46393 2690 81470 59610 82453 66896 76902 
31519 35944 51841 55258 15438 62307 49356 49317 84034 89410 
3530 52328 79086 91979 72302 95629 20363 32910 80680 78868 
38427 6924 89822 44018 69668 8864 41839 29277 7668 8734 
22531 55539 44677 90723 10796 60114 69381 60151 25782 53415 
65912 29312 22094 44997 21290 94396 56978 58004 43657 54009 
36872 82083 77284 43045 42452 63303 51908 84291 92579 75928 
93024 31461 31466 54053 38535 42261 14166 7916 18763 56300 
77682 84675 1963 99775 46023 39604 10522 19352 13959 70530 
73360 50830 68965 66995 10227 11416 30297 78486 12058 39228 
54413 5082 70688 2230 75486 25575 44490 6003 33490 63253 
62302 27523 64279 64264 43649 10301 20219 54171 29653 34178 
41052 19364 1359 10016 86359 27937 21432 16655 6423 33489 
55882 77187 54922 42922 79417 30407 68496 40258 36410 18337 
3510 15063 62211 84140 95679 5859 94441 15897 76381 40445 
50074 17433 59808 67785 27448 62518 95721 65231 95525 2143 
15072 67758 95682 69993 10679 91450 16752 95526 31707 69513 
30214 51569 84575 92424 35708 80253 14635 30148 96150 91015 
86944 62575 24799 46752 30359 68599 9269 26080 33829 4793 
44574 48900 72551 56607 35245 99581 48056 51996 11459 79763 
37860 41672 31331 22434 34096 67038 2687 65082 13538 15188 
56096 481 94114 80895 63584 40825 49493 72853 83256 99673 
93997 27829 64925 82899 788 169 98832 48843 68516 10290 
44957 6375 68313 76287 28808 18760 59677 47846 83841 73214 
79385 39937 73694 73499 37183 53630 14323 3027 26482 97578 
19051 36830 41758 83975 36081 58897 84143 51264 7740 69010 
77905 69048 75384 46217 45335 20544 64977 5011 84741 65169 
94576 64126 21457 84621 53976 74991 38250 84650 78017 81083 
98579 97068 34265 56688 81042 70345 15585 81537 37960 39676 
50546 15864 8723 42282 62080 54057 62825 43408 75419 63917 
8577 86346 28042 46385 70967 98369 21376 25568 83018 15744 
6651 81596 12811 40915 38284 10205 27611 53868 8093 65570 
93543 74990 97785 18617 17271 59864 72674 96447 19624 64444 
60364 44552 50790 4757 90936 38108 3126 12311 63675 86143 
28055 70325 84091 57217 27591 22374 83773 71553 92593 91865 
37122 2487 66855 34906 21103 477 11122 10128 96924 30745 
74572 73639 91648 41713 94747 82583 96172 97872 11246 59846 
367 55652 46523 809 29220 74113 23182 12993 45666 32126 
21209 99139 34612 4415 50397 72066 4892 61518 82194 18167 
8614 73117 8157 16613 31181 2903 99195 27352 17127 26792 
87197 33845 98795 50071 34653 28015 24184 74186 41007 86201 
6311 78567 85339 57274 82982 52087 45691 4225 29956 27884 
22391 38569 17352 46899 55181 48532 49801 70728 92235 83279 
13871 95784 17123 12666 45854 51775 40680 86389 42312 98038 
72589 64974 92956 74280 38599 75937 42718 84290 96513 72674 
12173 18903 11242 45877 65801 82775 10760 31954 69854 2995 
15232 76 98778 48707 12741 60983 16833 69772 47372 59145 
84161 36312 24118 77117 26943 62717 69405 69661 47006 65918 
42334 75530 1172 69927 37758 83325 52701 48518 31630 38906 
67864 63213 38982 66641 11919 68074 27623 28752 54198 91346 
87896 54710 27658 28365 31826 54600 91081 17583 24260 54438 
99852 66593 46320 17375 36520 429 699 5572 48946 32328 
60830 16809 95541 16163 99801 23811 84236 43776 52562 54785 
35121 40457 9495 79130 68822 57672 33730 76254 75254 74341 
47044 91457 57286 9715 8832 93805 10143 9530 15728 59089 
58210 92909 92249 70102 9071 8402 93912 9659 52177 46474 
64443 3649 3282 73937 82779 88455 31609 16508 64709 6862 
90848 28104 14671 48133 37818 23502 58289 64312 49383 90369 
39752 7592 83277 32001 94045 8700 40402 87957 18358 8930 
50782 82800 12578 70415 56737 95356 58870 88345 28215 39930 
11558 35415 68033 26228 99899 22202 66081 58188 86513 15464 
64908 26265 39407 64536 74617 33452 73235 31370 37760 7944 
40299 88541 90744 69228 58955 47480 64584 34176 52176 92798 
74105 80085 28212 58489 22665 28111 80690 88745 2650 83555 
4208 83909 26171 43615 48444 787 77066 38031 48508 31177 
45974 88806 36069 53069 74385 11375 16900 38968 45551 69075 
48118 36007 65512 92681 94496 88176 37143 91537 76920 56144 
75091 81128 40052 1261 41094 4848 18399 34511 59230 66906 
65687 21555 72063 1755 74624 46448 29481 91523 1767 75031 
76950 49884 11038 42461 58917 5533 30636 96059 13421 7555 
68555 88512 5034 8606 6124 62479 29805 40875 96989 5386 
7780 79027 26941 96195 97133 1564 42642 26614 9438 44408 
1644 86387 10644 29033 45199 85912 50917 92186 98322 64338 
16093 66876 69201 21126 91834 75324 99957 21638 16198 96945 
27024 40330 92324 70316 36524 89456 71879 95517 16069 97668 
56276 34065 407 66919 63097 45605 69182 30366 37791 67504 
94703 53883 34379 63903 91360 26212 55578 91316 64202 71776 
4613 7577 28457 96936 77892 64980 2743 66122 60496 18812 
63789 16771 69228 64195 42 48676 26152 85575 79041 80294 
53078 73743 50528 3809 37645 58239 30020 9575 65907 10573 
81350 86871 18149 9806 158 96040 91137 2900 62161 67984 
38063 25950 1106 7290 6496 1147 55966 48999 3074 35006 
45644 56151 25101 12523 59959 79097 70762 6331 88671 36668 
16903 70020 23538 35052 96177 40047 47443 3665 42946 9604 
71648 81009 51905 72754 88298 74752 90252 60615 40103 93325 
11973 85746 65828 37073 98269 25786 16169 85382 48468 4840 
38401 81723 91211 78290 33126 3740 18336 80568 7404 61281 
6523 79052 42289 58427 68157 46939 49531 58408 23905 89633 
68085 35877 91730 33912 72949 6350 76049 89118 91731 24517 
10309 30131 6239 17871 8420 55716 21610 43107 36283 45366 
4388 42806 40769 63028 17584 8925 26318 67114 67332 50223 
73098 35416 2451 81180 85679 75400 3881 61728 80869 95612 
86244 7529 42094 8834 25399 66866 64549 63361 9972 17183 
8726 30711 59988 49494 93739 93924 58418 36408 77389 42101 
86630 50487 93869 89081 48018 79547 80832 51898 41274 78052 
63861 43869 85580 22307 69054 10978 5524 33602 74338 31847 
50785 83063 62558 27124 48908 72648 21047 7325 9055 98436 
65778 12037 65274 59646 17469 13291 39192 14652 81540 96818 
92703 61753 40686 78282 84059 9740 5611 89582 59693 96301 
21428 26829 79363 337 53953 44623 72984 91351 68299 98391 
6138 34076 26779 71411 93721 44247 1053 49265 58898 82593 
62434 51600 44345 19471 46233 44755 45562 51843 50688 5255 
48143 88467 48435 43858 88804 18739 88480 78139 10090 56778 
92881 16227 7206 19659 87638 926 63905 5042 66542 39154 
3986 28975 7105 64682 48446 53337 9436 94007 21532 60123 
15613 86026 48590 64048 29883 53745 82786 34714 48235 9227 
7844 41116 25454 15049 60774 29443 32326 41031 34484 98868 
80184 54822 44194 3641 19503 92639 73329 28939 2998 94860 
5413 34962 80886 70354 15361 27120 24098 14499 78186 72333 
23725 86029 13448 65530 1077 90573 11324 33402 31603 62160 
48621 28139 16981 92815 31779 36483 1805 21459 81773 21154 
32671 87186 72468 29908 57539 87828 57027 97989 18678 51564 
86673 58755 37592 120 24284 55020 7044 51960 4774 38647 
14119 53394 83137 31099 62560 31267 83933 80717 52725 65706 
1870 85395 69243 74337 15302 26781 78517 88681 41121 13546 
40244 27793 72300 94188 44264 12936 49207 51308 64895 70332 
89954 95365 40078 73090 26463 2637 4356 26747 83353 73432 
92452 1575 75179 61694 92263 6832 4827 87131 95512 45947 
677 52108 90092 89328 62647 34355 2263 28205 85662 83509 
98537 91967 78873 38614 81408 21687 57602 2115 48434 40955 
91899 57237 58881 67077 35283 51143 73908 56461 38274 85772 
18759 55302 54231 8850 44629 16877 59557 63244 45081 45218 
46752 59969 53537 41977 14934 51296 80015 72536 69763 44800 
29842 61661 2037 88722 28737 53671 39864 18996 10131 94489 
4767 28889 49790 58997 37739 10771 92225 97295 74014 53658 
58864 37117 13626 28752 79093 28560 80048 75460 1095 49810 
20259 30936 27822 38647 36009 56558 92317 75872 75553 2447 
86713 96672 31336 52854 55668 85426 63624 64245 82720 53989 
17902 57935 91106 31527 86687 86550 76438 83086 62009 77532 
49247 82268 24819 77068 20914 60827 49977 29583 53051 41881 
32029 56115 38552 79716 8968 10572 65141 88944 74816 64212 
42932 92717 22147 34037 40595 8833 36939 17033 8270 98947 
10916 57516 97566 35735 34583 34832 12913 84559 64414 82315 
42791 12794 38429 81343 92510 63749 8266 57650 52692 83081 
21862 11975 92149 44008 62364 32743 69192 99302 66127 77461 
14600 77043 51328 28518 29129 85910 63349 42041 86820 44114 
40708 29610 56907 95488 27304 49416 59236 35569 23418 28279 
35001 45279 40254 27149 5638 2617 76244 91181 18270 42370 
84993 49221 35764 36320 77738 64892 38581 41086 6933 25400 
1551 47640 71361 58458 43127 98665 24225 18715 50585 47642 
46993 85586 9272 3598 29086 31261 22566 5329 38793 57187 
64051 23785 6408 99814 60104 84145 64706 98684 41583 87990 
40435 43133 51981 11796 17942 11459 26812 58519 46525 77396 
22512 9870 79333 31784 13467 8419 79396 52385 30099 18189 
9571 10501 41973 15978 26667 18429 123 91372 33464 41705 
95713 73899 1189 64045 2046 19131 75503 45209 77649 22028 
22604 160 48249 1937 48295 61715 26707 27691 14099 56805 
62231 23670 83658 4203 39647 10324 38983 56121 18047 72447 
97825 13759 62697 99014 77803 81094 34496 69657 26302 12144 
8036 65257 28655 56284 67193 76950 34351 10251 20992 64801 
83408 99574 88470 67065 20128 44469 77388 59111 16941 95434 
47909 14766 25544 10605 30131 19698 91698 80978 5706 34351 
93121 13742 99607 38127 86377 83152 31428 20727 93402 52419 
1880 76809 51992 90349 60225 72120 51169 37612 47582 68110 
49397 95490 99227 74940 22446 45709 94637 30495 26686 16695 
64845 36158 30436 64451 74284 33164 63954 5712 70243 57356 
74482 72122 50516 42826 78822 10741 31297 46343 48352 78878 
14452 14101 90719 30030 89040 13164 75738 29 60010 2423 
16723 24854 38580 63510 5656 29215 13025 69610 34926 83267 
43317 25760 71740 93832 68585 50562 4572 16233 96904 69276 
11462 27707 83376 2180 57736 88767 31695 49825 5147 91704 
68599 38221 32909 23530 1730 54916 52744 31107 40877 4022 
14373 84193 29781 2465 94377 14717 53026 98948 30949 66281 
84575 42410 93987 84302 60941 68074 73069 8987 34250 94567 
17042 2848 32788 49950 26377 50869 21217 79120 81975 62094 
83141 12700 62638 29273 15164 57014 43989 84541 72314 91289 
50821 73240 50050 61159 57542 10990 45584 46962 19976 79833 
41528 37017 82680 90667 3318 9056 41536 40887 4527 23510 
19332 4020 52561 81969 49644 67724 55335 9985 52264 44000 
1273 19436 17239 67675 96946 74780 95016 42529 21741 31344 
22361 79621 84712 21392 70287 88030 46799 11822 45268 67678 
51684 64599 71697 20596 62919 21340 88320 34605 31324 56935 
78604 48949 92723 95843 16623 89668 70622 11638 48549 8715 
42981 87261 4687 27693 8653 74973 32074 71803 3147 93693 
39480 71182 58291 11176 91777 37561 48868 96448 72166 96543 
69735 50769 61843 78809 46611 78465 68476 33585 6455 33376 
58651 65787 20637 63337 9831 45641 54661 41904 17443 74159 
35596 73275 61692 10238 802 53469 47799 49669 66268 36316 
62564 52354 87084 24406 31162 50047 19223 15990 83631 25677 
49365 58633 91463 70001 21969 17646 31993 92981 59549 65788 
83492 11497 39062 45183 38086 39863 15003 2236 5884 81271 
38551 68447 33624 41987 9204 64786 92033 28426 80775 92015 
54102 46491 50647 61917 32844 88967 79562 64836 98299 55462 
30623 81790 83310 86036 26973 37748 25899 41975 39983 48134 
39597 94886 16580 73221 36872 25783 54358 45256 70561 51484 
37270 24662 97974 4268 2930 30817 93234 98843 12005 7884 
54305 58979 89674 53966 45015 16646 91713 87265 74972 48048 
35398 14569 59285 68329 4141 96156 10463 58498 57763 81023 
26333 11384 22037 24306 15651 24966 71475 25236 23809 99831 
33119 94465 58809 22792 48430 3823 55789 56495 7439 30761 
4542 42836 61681 63826 11164 65821 76333 37979 24318 50447 
19001 67002 61830 41037 7659 77480 82355 79133 19067 22515 
95315 52185 16979 54124 91329 81760 74298 47117 38254 81737 
94229 59147 40924 55909 39324 68440 21729 15656 6418 62398 
82454 25418 29399 44283 82807 53410 38114 65161 32542 57180 
87675 27857 25717 21005 98332 17045 2764 88981 80513 57370 
70717 91094 16516 27993 47002 55840 96432 85083 87847 2849 
47480 70301 44618 93231 30935 27424 46640 69049 8936 95533 
42580 12962 39741 68296 33966 54424 1692 53082 43405 98557 
10451 30473 89650 43318 58465 36651 99157 54896 21733 3356 
57744 85565 73656 2362 95147 4590 46137 58138 89990 71425 
70022 32570 84386 9763 17217 34704 64186 35261 4137 23942 
33817 30939 54415 23466 74256 12879 76468 73413 67775 14553 
76768 25518 16469 66775 44231 27967 87716 6720 86104 77706 
78144 56125 10275 78881 82239 43843 29936 46425 79103 50424 
86718 29271 81362 41132 69088 55618 54011 45556 45382 21785 
76460 22149 63654 92928 5275 24237 20894 92990 47308 23349 
70695 41803 79473 97321 20683 61712 57516 66971 24488 36618 
17394 11205 82241 98756 68689 51328 70725 22699 13235 16106 
60835 89694 54606 40840 98973 59880 65076 19866 52869 28735 
43214 39916 70537 39039 53588 7572 17102 11103 74542 41589 
64073 8287 69145 46313 7042 37833 97640 94118 76883 10875 
10223 37717 568 64828 78557 15893 24707 59984 35758 93928 
88719 95324 50195 59255 50714 3782 66826 67815 14885 57719 
25755 78957 66006 94899 25269 89399 49084 39260 83517 25966 
50134 93739 63683 67054 74919 58591 82946 99625 18574 35055 
9904 23644 46730 60098 82899 97443 63880 66076 65257 78764 
23795 91011 57720 89800 2262 99340 95550 67697 38599 79066 
93662 5085 89157 73696 72138 64075 48638 71435 80051 67212 
6489 89955 7207 53219 66404 90105 67013 46635 56181 48622 
25398 96327 39632 99469 2478 58245 15160 98027 25941 53759 
93445 35955 58843 82601 26002 47332 63027 74640 35118 43077 
58203 41606 49383 65409 11176 32139 71866 94541 78773 28046 
43162 20523 40724 99145 36343 43201 57390 51503 41227 99682 
21613 51023 51988 96807 33623 77990 44138 96649 52629 79255 
56078 10831 37212 21812 76239 64740 53950 48104 59280 32723 
92501 2441 69597 49576 1585 5939 92776 75326 57441 50355 
91360 95405 1377 43347 92211 51352 21336 52700 64352 90316 
31954 20429 1146 85518 42241 93737 66609 12542 58192 25888 
61616 67045 44680 31212 16620 62616 37151 25748 37942 10943 
76102 45653 6348 93830 88999 98558 45181 26687 51258 9533 
17002 99563 46313 34500 1432 4905 28236 68040 17447 2779 
10279 79062 86175 54958 10274 2795 17574 63776 44894 71867 
74718 20995 17519 97417 14824 6517 95975 76357 49555 63584 
85889 66557 79498 32201 1056 80930 37106 45643 65321 70904 
64773 75600 66317 50948 30557 76590 70094 64482 56717 14987 
36348 47787 52333 70218 45203 83508 93087 41177 59864 42641 
21112 45752 9197 610 94305 26604 97891 47762 88598 63211 
18665 53371 38810 84981 20670 85719 77923 90763 66552 50991 
22101 19252 98777 74433 89469 43980 57940 98907 1508 17804 
41548 22620 79907 67096 23229 90563 10052 37471 54676 98649 
681 73340 68371 55843 74673 89040 57913 68947 96154 24464 
36289 34606 60067 35066 9038 65888 79045 83330 64794 80552 
17485 22693 19523 13743 89789 59103 4306 99840 96573 58981 
14840 97254 48673 83211 69448 39697 88602 27360 24995 1108 
68175 61283 35713 28242 96348 61103 10481 91744 44432 75274 
88648 78268 97967 8170 92010 4107 67273 96315 3946 63845 
71648 35137 77450 20320 18347 46897 76368 23301 90608 1362 
24408 58783 78996 76472 3376 91696 53926 13856 83439 98357 
5481 88438 92976 19799 12960 84986 23905 96584 97652 44202 
76780 69299 79339 54230 5970 14037 17478 98689 53689 8086 
16402 94448 83220 95398 70920 86595 87093 41197 16802 86883 
39554 38634 91673 48881 58433 4632 33866 98689 1215 31518 
59243 77994 17168 54933 48575 39490 85321 66053 38178 39010 
90490 54580 49809 73709 49977 20728 60303 53421 61925 93456 
56655 17830 32089 48327 83062 6873 52958 16928 21914 70524 
64797 81156 64870 81964 52440 13444 37805 54112 95848 75983 
9473 86337 46914 59282 60045 13242 96361 36699 66662 74637 
30154 23316 8818 62243 87995 91880 85467 40952 8807 7380 
27828 89955 4887 92697 88270 57326 6140 26075 27790 18340 
2057 37262 4676 48970 96543 81073 62211 9256 17771 45224 
83892 47925 84891 92710 26519 72885 84589 11985 30189 9747 
35717 58016 99701 40603 50712 87970 14281 73203 14044 42070 
91542 32452 95683 12570 97773 92226 93642 76335 1481 27764 
37910 1724 92040 22801 94433 18558 95685 95373 46895 25873 
5119 82611 83888 21171 39565 50951 25493 53845 24154 55888 
95914 32047 4692 91597 60968 2464 174 70961 95151 18006 
98725 33060 19729 90764 55860 30514 25674 51545 25886 88920 
93769 47357 87882 94009 84879 27446 44959 10371 81291 85464 
82611 93556 33863 87302 1504 94830 6117 18029 65791 1267 
52386 80867 34327 72115 87982 90186 18980 30007 58082 44865 
35278 68203 8573 23159 62211 93452 66957 7169 20174 64599 
92633 2784 74506 42847 6437 92362 37676 12554 10390 19818 
13820 62776 17036 64498 51242 21370 71036 86573 51376 29117 
47789 3006 13671 56362 26164 75881 66165 9472 83050 2690 
74070 92034 5474 48576 34880 28262 40937 88907 40815 67678 
25077 70987 46805 42112 35484 14398 63481 6519 970 31209 
51988 48759 34214 65658 5120 76729 41539 87636 86201 40940 
90325 60270 49325 12150 25197 84204 40412 82485 89462 97578 
50163 14538 68564 13319 73002 4048 27717 36482 26918 28686 
84042 78905 77444 18255 60915 98915 94984 2453 2902 97536 
59744 93227 74157 9068 5376 99354 9623 45787 81838 99084 
43365 48352 29974 28280 61671 2975 32327 89387 55808 75597 
34424 39850 54501 28220 74456 31767 43486 69439 50571 46388 
83326 10314 39614 57483 19381 44989 73188 45355 7128 55025 
44439 66844 19729 74412 95123 97751 93738 43802 3489 49545 
19398 37912 89394 90250 82483 63850 38369 25969 49640 88939 
72356 49318 99253 28321 6800 34985 73309 79987 80340 96788 
51363 41130 79983 71091 15541 91458 85193 25630 35259 88681 
75174 71008 26593 80920 77609 9075 61121 15977 51395 27112 
21268 23750 76429 20520 52070 83228 55504 41731 79566 52195 
54870 30929 93324 34853 18371 25216 26310 3564 50845 77920 
8596 26019 65279 35188 23290 59239 60615 84410 91568 12009 
11521 12835 52111 4302 33354 20532 3881 5209 62262 83447 
57404 17132 14375 50727 68336 49097 75943 10997 69012 43139 
5268 77608 69157 70546 29147 8798 46136 89761 93207 37703 
18122 21080 66889 86584 41733 16594 7115 45613 21803 69377 
29059 95558 2860 59785 62636 87547 8882 54930 98543 94245 
98069 3810 71852 67225 90707 17351 92375 36842 23463 1933 
90897 41584 23012 57785 44519 81096 74379 51634 26709 12533 
37362 55767 24442 56573 31904 87077 44119 57137 42007 59013 
51381 40075 79174 39585 23651 69880 56935 16025 23073 80397 
17958 13969 38333 57321 71754 82851 38417 62484 34484 65125 
91368 88197 37243 15809 44769 69146 2885 5239 26282 44891 
64251 94015 1317 43424 33599 24968 29655 90533 57344 52728 
87281 75301 66696 25613 48974 54801 8464 3742 33636 59299 
85218 25003 47496 22460 40811 8616 7958 60048 13855 50591 
21290 94457 44605 22607 37881 78203 63926 83887 85087 21269 
36614 72368 96570 19662 14332 61895 90814 39147 65636 24450 
98446 50853 65804 62293 89664 22967 70908 97621 83014 1114 
64564 20655 95571 9168 43261 49803 3723 7186 33689 5161 
28455 70303 77528 41376 6316 8212 3270 97129 47358 85257 
37930 62155 36109 3734 24447 42124 43052 11707 39745 42417 
29172 20660 63071 24742 29827 22684 74544 49901 29869 8233 
55062 74675 94887 48941 32402 1202 57152 35671 98330 20862 
37279 36260 83016 73387 56345 23815 15511 99396 51873 71607 
41812 81044 92266 21234 5786 38444 43917 96681 4697 90138 
21265 59758 64812 16151 25050 97214 17352 82202 49236 32034 
19415 86515 68293 2430 76253 40989 26244 8115 56736 78116 
96073 98547 75512 4690 36132 81297 59486 80049 94329 64182 
70186 15594 23939 34997 31744 48988 48562 65448 47541 14150 
97481 66955 17016 82125 69385 93268 23113 11980 1383 79848 
6448 13807 94746 81959 18497 30877 79607 77982 27277 73935 
42163 97462 89528 82453 48811 37624 31440 13724 3071 95333 
27873 551 62287 44888 82675 48023 54508 22139 76355 55890 
1986 99154 86048 13083 81112 4544 60311 77070 82525 87588 
67356 41039 85049 56884 23491 50211 10859 71283 63935 13929 
66615 8159 14479 45253 53047 13505 9628 7554 35643 85982 
79795 53980 85135 65842 83414 82598 86738 43724 59667 85614 
47663 27022 26653 32712 257 66495 99274 11115 37777 63208 
41395 20743 87719 72225 65996 40765 85729 75623 64670 37723 
77956 60816 91702 79442 43009 91467 62039 29746 35191 38057 
15360 82853 81430 58364 31916 98039 24858 47542 9153 62635 
27101 50548 83377 14819 22772 49372 71935 24853 41346 36604 
62575 19301 97419 70629 98742 40428 78447 77132 86525 13637 
31540 1884 12842 12970 60247 61109 11008 85105 25002 36512 
64091 52103 3411 47467 66921 42535 13191 38856 67387 70888 
91811 46313 6541 5582 33293 21634 62361 11740 98766 48885 
41728 30305 67121 70921 59626 27367 48382 70633 28823 73383 
7145 92913 25485 10555 56732 8758 69441 86274 63965 36827 
57161 72127 99492 63701 77708 32784 85335 56420 44523 84100 
5305 2603 30756 72425 73523 90382 16143 21904 77366 61318 
95287 84510 70582 37123 11417 43665 45880 80857 29938 26196 
34036 87099 98323 49879 50799 76030 82662 52485 32450 43537 
52936 54106 46139 83692 42882 36013 90425 75376 57917 67790 
53045 69555 68652 23627 6677 96420 83643 52557 93628 13581 
95104 44015 17031 93426 93893 67829 85808 92907 36666 34609 
52795 89601 88714 15285 89644 47947 51297 96420 39674 9213 
80562 92719 95119 49213 32697 1796 61984 16339 70704 55611 
29919 65807 15978 46949 59233 9870 31130 45040 19128 84147 
79648 71922 73747 84713 87206 79743 32659 38503 76162 72332 
64067 56723 81402 59186 22287 14098 60981 84270 46789 48036 
56233 76707 13842 72210 40008 89426 98431 87489 50817 17559 
71635 30464 89480 61733 31528 93038 41475 80538 31540 33989 
69222 11958 90711 50623 71143 12998 81073 48475 13619 27861 
96510 86203 20919 10352 58412 60926 16129 73195 64766 66946 
90753 36400 13761 96584 14485 45289 89621 55959 42178 37512 
89947 11399 49470 97010 78374 20612 26359 59446 85439 56329 
3658 81948 42532 24576 8651 17295 1854 24780 90489 66619 
91725 97593 19371 5485 10529 50207 67125 16501 6165 9303 
54013 12464 37053 19834 9473 31778 56797 52183 91223 42235 
8511 11232 40535 51042 35808 49185 68337 54013 73964 75177 
36983 82040 72770 72705 3877 99650 22911 71001 16150 45428 
96655 86514 57891 50060 6347 83715 81837 79496 35897 89412 
21730 60759 643 62264 11801 52802 27801 96489 6814 1764 
71665 60149 156 60786 32853 4032 60435 72116 91384 76585 
17543 4391 63098 91785 54450 85797 75499 36286 65292 27747 
25697 3373 88505 42692 81989 16657 95493 9789 13145 18659 
27904 1162 95159 44411 61947 28011 48442 38734 16478 56178 
15318 34020 60568 94767 25804 31369 96915 17654 67654 78558 
61752 9703 98283 50257 68746 96623 83265 80590 6411 12762 
15600 50666 13923 10758 95077 92221 55121 59870 30954 71598 
32399 62623 5618 92966 73742 47773 24334 87008 65427 8340 
81918 27178 34394 80200 93786 3139 76822 77051 83728 99584 
6164 99328 66601 36438 26437 78029 28658 81557 54251 75964 
53155 86649 54938 75124 79615 45031 22896 20300 48391 4674 
44991 30308 31852 79384 10507 41989 98874 3680 35391 82602 
19615 41554 98281 86215 77991 41069 80596 23001 22626 34846 
15316 92132 21494 70253 83607 1108 31636 22854 37760 80026 
27528 82750 10333 75731 78486 37191 17719 77359 57222 69462 
76312 76836 11015 90944 79402 5358 32013 59997 44710 70990 
94842 60025 79473 16336 46629 63079 33795 94616 85932 71554 
74641 13459 70656 1325 5541 49141 38515 23260 26499 12088 
92721 2811 88923 20087 93754 68325 41796 25766 28321 86505 
13107 23163 62881 92579 55850 9510 55657 89644 4125 57941 
77550 95118 71399 48205 96442 93292 97345 51309 32903 40195 
63396 25623 43005 52319 62061 53111 36995 3857 95228 81667 
6713 8335 4829 69594 913 77030 79103 56570 66674 99579 
30862 44223 94696 18612 8779 7490 11903 6123 75150 44805 
62669 38545 86779 5674 7215 48840 75136 44209 69048 70363 
25876 75760 78697 47056 45353 95962 24086 40807 68883 7111 
56738 99744 51333 51433 18355 76463 75274 30258 98937 50423 
75062 61605 5320 61841 83630 12534 27032 58765 73095 12431 
29128 15322 88190 24176 62377 49895 20137 2814 90701 89019 
9924 47438 88762 77608 15223 7117 54070 6848 37374 53006 
57271 28787 30963 62590 6979 14592 91475 50362 73357 64569 
62792 2484 79890 67334 26659 58619 17228 63148 77784 24280 
52166 87708 71718 40928 81667 3292 64396 52089 26491 18121 
21446 83761 46907 52408 62702 70238 67000 70529 20599 40356 
35097 83391 59191 31339 50724 2201 89957 84303 65348 84092 
8582 17514 71799 96651 74793 69818 16294 39188 21906 42785 
57308 43351 42897 20566 95759 5599 90803 62758 76127 27754 
19465 27575 11144 78655 58913 78219 80855 65221 78873 46203 
49313 87454 80068 37463 457 54860 7280 16750 10399 45537 
59534 67706 88888 2431 4623 998 24381 11778 80107 16859 
39531 99571 44433 67026 78225 19698 45244 75431 1270 40468 
37985 66934 27921 18052 4397 44729 89263 28028 61479 99661 
73565 37364 83718 78804 39794 4693 96153 80526 16470 76259 
97384 56000 92181 58169 23025 86757 77866 84620 62187 95487 
25087 16524 62421 69359 34575 83169 14088 40190 11196 75566 
39850 1112 12929 39920 96267 69075 44612 8771 49600 61081 
85029 63336 17080 93561 21504 56456 80317 15721 41075 58856 
27559 66161 75379 89979 51871 9953 73147 65958 66494 695 
57875 6344 18158 87156 62615 30777 56230 7226 39547 22181 
84658 40928 1868 18089 34488 23371 74544 14805 55443 31970 
90012 83002 14482 65390 89332 66352 91694 62479 48662 58188 
79525 6536 80883 97682 10043 43497 28458 66272 67074 68005 
4805 68083 25284 6672 86171 59771 46395 77066 90927 18189 
9035 80938 1190 23516 46327 90522 6219 38021 69352 54880 
12560 48876 77768 93442 62909 87810 36938 7719 70434 20363 
75723 91590 88445 17358 98261 90967 77128 61007 68032 68055 
79196 93418 65344 96737 16933 11671 3610 23151 66043 72961 
94383 78602 38188 72150 88395 1097 59959 41684 8815 46744 
62046 889 38333 66842 18246 52946 57808 11725 13952 42191 
96131 9499 35608 61475 6236 52540 89497 26197 92042 55539 
99158 2776 50492 53697 74925 38886 71145 51236 96921 79959 
14331 58966 97199 52664 25807 31796 5609 99966 43521 19560 
42156 39651 45411 77763 17477 67998 46654 6973 94194 55047 
78863 9703 57823 45706 63400 49099 943 34544 16686 97863 
30855 31017 56828 44405 83680 98986 76201 5640 98951 36073 
25199 57458 92075 86961 35220 9552 54958 98225 32876 49152 
53272 11739 58854 27446 73796 38605 92896 74739 89501 9582 
72601 20355 56950 45781 81111 56981 44766 73663 62620 60069 
26087 87818 17526 18162 91131 69098 44065 46088 83674 93292 
11591 36945 21382 70445 80742 95178 25401 73638 69916 14901 
99571 42516 51607 56520 88296 32718 13500 49414 22732 76119 
9482 48819 80288 43359 83332 87770 12456 27396 33858 96130 
20687 45448 49426 42069 32244 46520 53598 57645 36509 23513 
88897 36079 66028 40504 8950 70676 89573 38801 20089 12304 
31271 29570 77474 27910 89280 60805 15680 18088 88200 49537 
30569 25239 11336 79994 83659 43580 42865 37256 1224 79373 
77120 6472 31803 43147 46975 40752 13822 52899 95904 50262 
65203 27174 96183 59028 55084 85463 19833 87115 3550 24384 
36651 34118 65974 64338 30463 49632 7917 73328 3239 25492 
52700 80358 31964 855 39857 95290 41606 70030 48189 37510 
20292 29743 81035 16474 88770 52470 1936 8602 39584 21837 
32986 92586 55954 98959 56924 86417 64943 81192 59744 84533 
6684 28795 81243 38647 29649 21099 33936 87607 7480 82124 
41468 27771 28218 38854 60597 16988 91324 78884 25589 47259 
721 74926 39845 73026 90237 13120 59442 55179 94311 35537 
56063 17346 64332 37305 55992 10332 58403 6280 14290 65883 
4755 55757 10005 32973 94611 86953 49960 2286 82189 91900 
49544 99261 83178 5740 72286 73414 35211 31728 44944 29522 
67264 1006 63219 47947 38311 19211 74631 13065 41842 88920 
95299 62948 44677 21656 95920 55639 8608 62231 57924 90796 
70483 23819 90056 53660 29559 78694 43425 64769 10421 88368 
10642 94036 89373 73861 41983 44035 9423 16613 57100 67616 
5532 52398 30563 66560 74053 42835 22198 99013 21417 96473 
6160 8251 20292 12568 61910 66202 91261 5334 47322 18033 
10053 57964 12068 99426 48176 70402 43460 73950 3366 559 
57917 25250 69309 88479 91809 59713 47665 30359 75077 85434 
43183 97589 93684 63474 10156 55594 29675 17768 77279 76997 
35800 87332 51312 64219 3109 15839 34621 46568 6140 54338 
63479 64056 79587 49139 68886 87748 25203 16551 34458 280 
1984 77640 97868 95667 41114 24375 67612 87140 58494 61243 
80488 10645 64926 31799 74863 68034 63989 25835 30953 70128 
80173 94431 34183 76111 59921 3069 63858 85124 35971 98315 
1755 54306 75955 15974 49972 33420 56700 33936 36911 15193 
11530 17399 25837 76455 65549 17051 44488 29538 42886 75440 
16017 39410 86223 66552 15520 62495 69620 95730 47618 21942 
10396 65724 76247 2702 81697 42570 52473 38396 92857 89384 
69940 4386 6782 95776 80840 72330 29179 25327 18219 72064 
17119 34236 27825 19693 787 43344 82187 86758 55425 29805 
25051 65821 11880 17649 84874 9929 60218 37347 64676 53075 
26730 34616 73812 49863 46743 54652 22192 75921 96330 56763 
64336 29800 7350 92160 49492 24488 35504 31679 11245 7280 
77835 52647 89452 89714 70295 74326 15994 46864 28024 80670 
16290 54753 15285 90102 4615 78379 44753 43158 54300 57434 
99920 18635 87234 23621 10795 53077 48108 62650 84755 75704 
69929 78941 28350 75733 85007 98644 50058 1000 45508 78081 
81669 61797 49185 13305 68250 70151 91684 13002 29660 45983 
86788 45932 80969 74021 69552 91763 27097 17660 70764 28204 
93363 40693 7144 21713 32777 8502 36708 82834 9502 98567 
77266 7522 76716 42802 20827 44965 29304 12510 74319 58963 
58492 61106 4894 39460 51478 74446 47575 94926 92105 18338 
39481 1819 75382 62977 23531 8158 71478 76591 7343 97331 
91509 84608 4853 68224 43761 25679 29541 73064 38188 20211 
32027 96679 97668 36920 52490 49145 27717 64 60422 19821 
18402 99903 37992 93783 62879 77874 18293 50708 54464 25635 
48039 45973 26595 52891 30548 70355 78569 76440 59771 16756 
96650 91797 29786 94317 45068 98627 59813 89137 98691 20235 
25309 33444 36489 63300 43578 15719 41174 61870 66426 95637 
87505 30816 57961 14099 83706 4861 84453 78626 81300 60575 
11733 77950 68723 41518 88618 13791 56497 48431 19279 55187 
85017 44587 4982 21505 7887 48559 53575 49060 10429 36352 
61048 14285 67168 35361 28383 67225 40221 29187 45851 37872 
89762 57583 32173 58484 15453 20791 88626 71949 69221 7904 
43487 70589 52491 48468 8445 76729 13378 62019 25788 23806 
98370 3187 54442 81889 38547 82824 49114 78767 28363 94964 
32991 34476 68898 65163 9311 84350 85953 97937 72650 71525 
22192 16136 42113 91034 80955 66909 67762 94333 28927 9901 
34490 43649 13088 88932 41889 67986 88107 91002 63105 16469 
2317 96095 67296 71215 61257 76607 71916 47210 74543 60918 
35086 13086 93405 93551 4120 74360 60459 88233 68692 5738 
14486 19533 49386 43925 8464 91274 11910 96571 98628 75014 
29391 944 71108 96687 88510 48717 89645 60426 95926 80539 
37695 47363 93624 31099 40913 14095 5458 1372 18680 90501 
7109 33165 10034 72846 77089 34849 80471 88998 47771 79098 
80364 93514 96394 67823 6552 84903 16539 96196 61680 28816 
76734 99374 76179 70357 30473 33443 804 52282 51166 19483 
42783 58274 52647 69168 47471 29735 4016 44294 35084 51787 
39743 31799 45300 36136 99622 51851 21039 16160 64398 99070 
61328 41131 98444 53858 27839 45268 87300 28642 97549 38466 
48124 40331 13091 770 25850 60562 46856 29866 4855 98292 
98004 60949 30090 59655 97085 46063 27857 34475 78575 92254 
33544 39902 49736 48339 93759 77574 93606 81058 6216 7507 
19523 54339 64189 48966 71461 90039 9527 18316 36256 30733 
32959 34259 91681 63049 10265 5117 25463 54473 39591 4037 
46726 89487 43938 12813 54177 54048 90386 64135 35106 96601 
71641 70980 67292 35829 19945 38752 25867 45823 73419 62122 
92907 22730 12732 940 85778 39348 22408 11240 93820 61999 
31629 56897 67837 75566 69709 22013 29614 60095 86147 81071 
73047 57787 68402 40338 9968 4699 95441 52186 50521 85212 
14308 59780 7941 43391 77071 10070 82739 99478 37661 76558 
77828 69289 49807 45664 44855 19515 84029 90820 79609 86527 
71890 52656 60666 56643 9345 70633 61341 4786 22818 28214 
89997 53477 87993 14289 96868 65063 24358 95958 64540 62018 
88867 42368 31307 38673 4383 92513 58188 88411 83332 54148 
74938 71573 23155 35603 28215 32500 22587 89556 53637 45404 
17769 59985 15233 22113 74273 12100 87175 98630 24409 68066 
60647 13275 26785 91953 51948 47520 84465 26487 52282 84148 
80634 43571 55720 3789 79173 83935 52640 18111 89842 6276 
79867 7610 66260 95099 46074 40532 7198 33248 39161 47958 
17665 16159 61232 60802 24464 29531 8321 8928 56017 60602 
9428 36651 4173 65147 56791 99697 65433 9430 34160 71626 
15705 14026 95587 98316 9124 41660 38847 32673 91259 94359 
80630 8924 26869 41861 69725 51332 87744 94397 76612 43760 
71350 86039 96762 91874 51185 69904 7923 32970 79333 42082 
4595 11389 56107 182 9704 65230 58193 64902 97902 49452 
75612 94883 58375 2481 36743 44451 53812 24486 55199 30423 
84598 26548 16461 97711 34774 83998 67615 42696 33319 63299 
84777 54265 74688 57235 54446 743 38816 12639 65645 36717 
78442 41256 47951 36816 60088 84693 97618 13900 25531 52816 
44322 26480 95715 77135 24190 30488 77484 8156 89535 10802 
71455 74311 65066 62494 31545 35864 63236 86712 64854 45232 
23428 43295 2840 71378 96462 62927 72423 94079 76826 14305 
63246 37500 57136 75312 30986 97677 5800 8469 5833 95334 
19270 77287 85997 687 39780 33893 52902 19367 20605 17755 
64599 60384 77401 67438 48114 73862 46716 36888 84292 23542 
67544 47537 77393 24679 39201 8378 22355 61352 33198 44539 
73037 68819 38177 59033 69505 94308 9278 38759 13675 46234 
56513 78273 6617 33914 62062 71082 24127 8777 24321 8419 
48670 91864 72307 26062 32894 27859 50791 71601 89210 340 
16139 62247 69158 54316 21279 55015 48623 46908 93773 62297 
93141 66637 56921 16110 16902 35334 3543 41029 44111 27864 
65799 92780 36079 54457 35194 68973 82316 2336 40573 71525 
2676 73063 33771 88185 27378 71402 43199 92353 34661 53323 
71001 27802 19960 27922 60263 36861 63255 63805 94241 23717 
8020 76391 32849 44099 30848 68042 13071 29515 86729 69995 
17391 5756 43057 67514 93941 70435 38915 53491 79139 89927 
6814 50139 34080 43125 94412 94342 96337 57667 74499 6930 
97735 82518 83320 30583 42968 30519 14976 56038 60033 1705 
42384 93776 7460 85441 61289 17752 72227 16555 71243 51365 
6481 94408 1503 40561 37532 95915 34902 50220 69933 25752 
57149 84019 8270 40469 14602 51237 87339 45929 23627 63724 
47633 82362 57499 71445 67802 18787 5548 40028 35341 76790 
7744 41821 71197 25599 82381 25080 37865 33635 75300 24149 
59386 32448 8167 84007 89268 39120 51596 76607 85049 91574 
56682 32681 73935 14180 20477 41737 49318 26025 98116 84658 
19166 22212 42830 6715 47810 41563 31794 2026 75197 23445 
26174 50934 72245 50692 34941 77864 89812 2888 54470 74860 
94461 27503 23892 68395 41682 44369 26483 90999 86745 40951 
92008 5910 63162 34838 28976 27323 92752 77122 29348 67948 
566 71873 35233 89162 22564 70173 67026 12375 73060 37847 
87234 83872 65350 27478 68619 7031 71846 95101 14382 74942 
36051 22741 97203 15564 73930 26179 59238 66681 3300 88585 
50980 20217 76809 86213 9379 99373 56385 76404 28099 45797 
30602 15333 46020 95951 42810 14638 19334 31007 9739 33715 
22300 62141 72807 35854 94057 46737 62032 53294 13417 81683 
41879 64397 18252 35039 50609 43982 34411 23345 36737 62510 
85493 67338 94194 31513 63289 53355 46150 98974 713 72240 
32688 39364 50733 21846 75217 44789 68582 53601 98082 81999 
51635 56312 62747 69886 91351 29707 30219 42113 69403 66955 
20974 54896 34293 31519 2760 13933 84873 48909 12906 1937 
37501 61945 57652 88233 83790 32869 33021 68724 86469 31102 
50722 38103 87414 29820 24341 78764 59526 54559 37228 28928 
37866 58202 175 72158 89720 2934 2442 90945 68195 31699 
92881 5695 9995 66885 10279 93784 99753 43299 62507 2573 
90752 29580 57027 94517 75751 97719 89632 51628 52278 26860 
80556 90143 85061 97082 78652 74780 16 97445 65724 84562 
29143 74957 90256 39137 41841 16886 49272 41593 76536 28131 
60517 67287 57710 17543 61804 33461 15262 51435 1440 83891 
78294 81995 90385 63354 95429 85388 54486 11796 82832 20209 
96357 28326 95165 2964 83814 53357 19849 33085 11301 96384 
77567 71817 63670 35277 5712 41825 85089 37325 93260 86528 
21215 87905 84875 11599 67611 96655 13338 22096 8450 96169 
58656 4806 40846 70173 7769 24659 23529 27617 74095 34830 
40352 51662 22998 4021 3290 28709 62198 88378 66033 55457 
91257 3599 59713 92483 31549 27323 89137 44886 65770 97586 
57406 24426 2391 98251 94598 26511 22909 34478 54127 97004 
69307 10830 65017 8657 14851 68306 37365 77048 56683 19750 
48856 64291 23348 24920 73126 54897 68595 62262 16134 34364 
76200 73540 75141 94942 71790 86090 21453 94699 20568 91931 
8054 6226 2761 73070 14882 33963 41375 68599 27362 14409 
88348 92569 95051 11695 17488 68176 82943 86082 46790 99077 
20446 22989 72616 11938 17930 44405 98028 55734 55455 18595 
47665 79860 41172 66777 69281 56054 739 10655 24652 28100 
41415 29351 20668 52818 41045 54507 20993 40340 40589 67782 
39416 77386 7122 28383 89323 25052 72787 87350 80785 44594 
22296 44801 24453 63468 11577 10086 35873 12315 20740 76876 
56766 78507 6226 93785 31324 63622 48292 68668 3961 5232 
52802 43376 82617 59923 88110 88291 1326 60897 91993 82111 
21842 30640 43263 62646 10459 54840 72731 46331 83506 9823 
23206 40272 4681 45783 50408 36004 9405 98699 21023 13365 
20282 73824 73093 19250 33747 61202 7541 35072 38450 15885 
33534 60291 46524 76797 39289 56983 47988 12019 19665 31493 
38193 42871 88116 42873 88653 38524 95228 14409 53574 16251 
27774 73856 6426 17218 9457 40172 78419 16997 91596 33221 
49233 25129 9863 95757 18277 49151 69091 82616 77522 88755 
14109 32066 47977 18576 74939 52982 73451 86518 67390 43377 
19120 11515 33584 25546 28732 43040 82069 23503 76389 73664 
73075 25621 15145 82937 37729 49773 48440 6819 32389 42313 
11926 62849 74378 59902 81424 65668 29235 71227 68538 96625 
30955 87657 24491 64538 29554 69575 7577 11623 9429 317 
1638 82503 25938 33134 65439 80018 99259 30230 86837 31647 
72542 15114 94495 46920 91367 92270 28939 20602 79848 97476 
33578 10802 85133 74420 75339 31038 43994 99268 42660 53422 
99584 60650 35924 41873 10135 17715 21891 9393 64296 25079 
41039 36838 56544 51885 109 47910 60507 29047 68511 56706 
42875 18440 67508 44359 92860 59198 75396 36853 74817 34408 
6627 90753 11409 58902 32625 21543 92968 70867 30936 57264 
12297 88326 94101 68840 56563 10561 33102 17069 39607 17964 
90126 98833 36404 57633 43191 45615 33183 18587 98819 7999 
52994 5445 98751 64402 80699 47728 2296 73666 34946 33231 
47281 63595 37909 41381 48786 94471 51941 81887 27891 7900 
99851 18016 6732 52606 92001 66275 14572 25183 84861 13390 
33181 54206 35187 48284 34959 15885 96011 37254 5902 47308 
86837 53183 10902 24745 10915 59688 35567 79208 41574 63457 
3459 57776 97824 26542 26733 89824 92816 41304 31358 94028 
54694 64539 48233 89880 29174 99543 22116 41536 53149 44369 
88843 39985 97551 99745 81081 8466 75784 32999 4025 33709 
12807 7483 91485 10630 34024 34569 16806 26840 75873 48163 
20867 30566 29053 85452 36797 58226 84994 75264 99761 54494 
19632 88604 94478 17183 4700 91910 42000 80483 24908 46024 
30543 37714 53506 22027 48344 3881 56596 81501 30720 48820 
29663 67939 79385 58716 69742 32533 33293 71087 7796 33054 
25581 43779 38009 20058 60961 42708 28320 19312 39542 53227 
65335 70084 7293 35192 8463 71988 39073 81410 53488 86144 
30229 83150 70434 25965 58217 40175 58497 91510 11262 82644 
40915 36842 26422 78923 73251 3735 21630 1570 39398 77523 
71149 21085 47606 78441 56276 56068 50428 11700 37477 3915 
14196 84057 3416 84629 10021 77985 24804 84869 85846 36065 
83864 26760 89258 26638 22034 62508 30372 43663 80430 86121 
37537 67930 7205 85142 46370 79833 57562 13149 7884 11390 
33415 22079 95447 53182 23060 21819 31166 47863 6688 33363 
279 90551 76474 5888 17188 98507 84747 63911 58521 65176 
50032 96057 33105 73588 97551 95826 53420 55112 8974 61304 
66501 58740 99734 78299 11922 22793 118 59439 87007 6805 
92802 3637 13707 69275 9524 30895 84134 94271 11157 42654 
75798 77540 55063 25255 51128 52613 21080 20899 24076 46406 
82202 6928 5145 98288 85227 17066 21080 1696 92857 24439 
8500 85658 28075 38558 71284 53951 85804 71769 64573 96961 
30775 40370 90852 85837 81976 41979 38449 3056 62878 78876 
65813 61431 85803 70957 59718 71029 4375 97150 72724 97231 
37940 97575 99240 82366 52485 86875 36316 38288 58644 17240 
51600 89418 57610 42452 75254 39585 782 30054 58992 80011 
8929 24804 41442 11083 12113 17511 98464 32839 31012 71187 
46421 68951 85114 45660 67669 53950 48886 3984 92237 7529 
37576 60189 13298 95185 2640 4903 51121 19773 51308 26465 
99784 76588 67620 41225 87671 79732 75087 86134 28922 6099 
73672 75342 91401 75137 37353 59069 29086 2591 79405 37675 
10119 16980 97863 39769 28516 16854 44671 95988 36626 95979 
22452 36409 88918 90072 93985 76588 86155 69072 62721 31429 
91522 52745 23122 99274 27881 76827 74695 56967 79417 70451 
94641 5887 3782 8855 45655 32297 25708 6678 44636 78685 
19008 67088 15094 7925 73511 25430 84513 76017 10853 63585 
23797 18726 32681 46919 18000 60562 23745 9046 33880 3161 
79496 44872 25399 83277 53726 71054 31925 79433 77731 76560 
58117 13090 59999 89562 21014 49861 14992 21878 42230 42196 
1815 66026 60922 34495 12944 78921 95056 53040 87966 45287 
72552 83813 90158 97951 67089 43883 69004 15365 39667 63086 
91924 97784 92527 51923 3697 13540 18135 35040 51770 60364 
77236 53584 26390 38157 4430 55685 33429 15838 8725 37746 
61124 81276 21558 51282 79226 4998 95164 64581 20362 51183 
44018 28637 48966 36544 96911 69014 66436 15046 4054 18205 
75409 97641 88140 18150 35797 92569 73835 85577 24758 82559 
39674 85882 80186 61231 53515 75764 82580 65030 40344 19293 
16212 714 47929 81529 37257 44840 50543 3692 59885 70948 
38248 51645 68588 26387 69795 20736 35308 59981 6312 60065 
58891 45985 62298 39076 23567 15812 14839 22498 97194 71535 
41790 13405 72248 89718 11286 25856 34557 61828 29548 10793 
49127 67795 62438 34066 10534 48584 54801 45841 8564 77464 
22257 67454 39800 907 6529 63366 33070 37720 2215 30263 
25606 44004 60020 14205 33721 71305 40060 84630 49484 69607 
95422 98610 53754 74211 32675 80639 22794 3827 42831 31357 
81290 65087 98810 21089 82345 21691 806 15415 75762 3020 
45677 1367 63375 5696 15571 97095 93352 71982 98076 42835 
57941 9850 41444 11694 84060 90470 8684 6854 94296 51514 
54562 75585 32952 69724 13025 15297 7766 13830 30711 83527 
33201 92739 1245 96575 14787 33167 10022 8138 5148 8097 
50973 63088 17946 8768 91133 18358 99238 99816 41563 93533 
51329 96124 85470 84281 82199 98494 15929 89964 28676 46639 
89842 61876 55729 7438 74803 70515 40604 84824 78653 62104 
9272 45977 41543 43570 54744 49028 61927 53981 48843 3489 
63866 16524 15964 49335 17156 14515 47828 33084 20830 92855 
96074 10672 54731 51802 34461 29533 38669 91417 30708 17321 
53520 39979 79649 11414 83548 34392 60441 45474 88373 9284 
65314 52238 42159 81278 17924 59314 95792 82103 8749 32973 
74958 4822 43644 29688 72975 94457 75572 11643 85873 6279 
45315 55744 62609 24963 67157 46157 59355 27598 7982 64079 
53233 73296 32668 95391 70925 50591 71056 83068 32693 79804 
16040 24002 977 76036 70041 90303 70492 45612 1946 56364 
68242 63612 12107 30851 88575 95615 93359 64281 23212 1340 
28359 76444 90987 61026 88186 78263 27968 59241 61330 77012 
55396 93722 1014 72724 69757 87406 63027 56600 49370 81324 
29315 17611 44935 57773 64813 49861 53387 74523 14141 76599 
92215 42499 69394 83201 19876 73932 61464 64195 49524 39145 
41207 4920 32866 58572 93995 18974 45977 73373 91925 95346 
54696 21239 29309 15983 79011 10473 65843 48750 84996 96336 
41700 93562 55186 27445 76762 91414 1376 54577 55608 50900 
10074 13166 72171 59291 88089 82517 94617 50418 55890 86541 
62115 26937 24132 91423 59271 19494 18248 25114 68243 19595 
37801 26294 13156 92986 53739 89917 84399 55114 60846 56359 
22365 87271 69524 94535 46561 57613 77052 41177 24382 49293 
44070 86496 92581 68201 94271 51852 87694 12518 93317 72289 
32112 31117 98582 45267 24102 52320 51535 24853 23786 28732 
81211 46150 16002 67086 57037 78915 41050 50440 20091 65431 
16084 80512 51927 8664 65064 46197 60515 52758 58714 53831 
41398 7177 1299 39979 52443 41753 8651 3977 66605 48788 
32709 47815 11289 65062 31252 68325 43976 72302 35116 80419 
37732 51199 60930 89658 59863 25994 52206 20377 95103 10919 
90560 52852 18095 91858 92830 86889 33610 17832 7218 214 
66619 39926 64380 77908 21339 95632 62584 65315 67933 97700 
45733 22016 48898 23014 11674 25112 49007 80231 45489 60461 
7502 52400 13312 41948 44257 22494 28837 77867 56677 36054 
94432 39648 92331 75164 33907 13669 87147 96490 78983 71431 
10541 41067 93446 75791 64081 21471 902 29439 1702 46390 
6252 9203 98789 19563 51150 59398 58408 96338 53616 15085 
32391 48047 54732 41073 39562 4990 54742 26708 1479 50076 
98138 12020 7495 7936 87810 87927 29406 88711 17365 47459 
51453 23616 56661 66593 59531 24163 25990 34290 20500 79605 
65726 69243 44004 36809 26667 99917 41798 97760 26625 43277 
64188 41114 71648 71682 49049 75809 59608 94807 80871 93324 
42265 48675 16940 15278 15268 92822 39440 57609 27111 76291 
53566 92837 61885 13921 29645 88552 13837 87795 86311 56813 
31071 50498 14279 19070 38531 79679 11230 98138 74485 92100 
91462 33102 40775 24753 48379 72394 33926 4170 46354 77388 
80460 16271 70224 58697 46543 16221 47248 60380 4015 49910 
33544 51437 16760 64174 86858 55290 43853 98087 53428 34689 
90186 61241 67790 47312 85993 32520 36057 36270 36689 98763 
13657 33501 15033 233 92197 61576 32805 55796 38307 53171 
5705 88202 4607 22464 52376 91464 77754 96228 89550 47533 
47268 96087 25125 15058 59751 11117 47577 12159 63738 618 
10921 77394 34118 42306 77626 42666 20233 10430 98461 58539 
63600 4165 63092 84558 42981 15467 92373 37086 28046 98274 
84618 75314 94361 9742 6723 70463 37210 70651 82621 947 
71268 93542 94692 21737 35847 72318 64402 56079 99099 62862 
30969 62699 83379 94060 47256 26359 25879 55981 63444 70276 
54254 64413 45589 48614 90506 68663 19076 44067 39314 18049 
45013 26933 11590 39704 48670 63788 28373 13071 36218 27472 
92285 67186 6522 75663 77597 70129 18373 19827 26109 98168 
90103 80363 62580 52043 45328 69437 20706 64404 13503 76371 
82452 58515 19655 10393 14570 68324 74180 59295 97747 10397 
3118 6383 93934 9639 82045 87882 96119 16769 7709 22228 
14936 14163 2590 93867 82557 47917 63303 19614 28672 76805 
95984 27475 51671 15639 54219 82592 314 44750 58238 98060 
55146 61355 20794 65431 87345 19190 69665 83464 35958 77373 
5691 67245 7887 24632 61111 90443 88900 40765 10057 17572 
33921 22392 61398 85591 54382 15617 84535 54696 76718 42772 
69107 31864 20479 89901 13646 7823 9090 83310 91286 45048 
77034 13328 28644 84920 37959 89755 91715 26859 46871 1771 
60782 80792 40514 22179 82734 94896 54147 67268 49591 30865 
26392 35049 79080 46870 24949 9077 71044 50391 92387 62330 
11790 85772 75657 40433 87044 29968 46539 78758 56826 93410 
96880 17607 74201 37393 56137 73286 48640 10284 40554 14582 
57500 83297 49631 52931 30166 90931 62007 17561 41321 54393 
79890 53110 56517 71899 9895 43560 1866 56433 22317 75043 
66194 19196 92649 56746 72940 65137 30032 21580 91772 86937 
36161 49271 70233 2143 2201 16750 93074 64208 34310 34394 
34952 30552 3856 91468 2450 30102 35027 20667 2886 73695 
95709 69080 9242 4709 42177 82182 69845 72208 20113 77969 
59144 72625 27239 45728 74768 45792 62477 67841 9999 13139 
18586 61302 43690 38793 69122 62491 68894 20500 83157 88132 
94195 95217 57211 3436 16277 99387 85617 2473 87947 22081 
80441 63442 94706 24032 9170 69473 69823 87998 53665 96173 
1136 88602 57474 61177 27395 42947 23667 12640 63447 23175 
771 57641 18391 74333 61076 51019 90072 63045 53492 94370 
85125 50284 57811 96182 74315 83332 82006 44137 71330 35670 
40309 88817 40624 14135 49994 68018 57081 73660 97009 20527 
96835 14132 78167 31577 4816 55595 98948 11239 34991 52439 
5608 20115 19074 79771 32649 93389 63102 14654 37525 34431 
66676 94186 39600 7299 8320 89593 91668 81752 79604 88676 
18631 92790 19159 96797 40719 23975 68743 39666 51565 3733 
8456 57173 40200 27529 36943 72848 20917 16396 3853 74794 
67179 70528 68979 6778 77826 93650 12722 69493 75401 92325 
74521 94031 85115 10031 7180 25833 50357 92274 65498 1922 
96007 73953 75446 52558 1481 12388 25405 38750 45135 29257 
13543 12313 16137 98873 19090 93962 92522 31811 79807 84274 
40488 70679 94657 25602 80709 18188 67786 31066 10461 33283 
32987 22819 23587 8432 75376 41419 37171 17132 96520 98657 
46389 10062 10970 62525 8934 46411 72838 17807 94574 68996 
18433 35061 39674 13089 77014 36735 47628 44799 67800 58088 
94433 17138 97259 34371 41921 88986 92141 95443 6118 88661 
94099 68858 98722 21420 47734 24008 67831 36923 58166 78756 
5919 76598 30168 61944 89686 7181 98678 53665 68331 82829 
11753 79115 99966 25363 29837 58238 14348 21977 53680 20465 
10637 64131 5674 25711 85550 53407 49718 53380 90330 24235 
48487 96248 833 78654 58191 6870 85834 73221 60535 70516 
56049 88639 49630 56015 14001 95818 14252 44700 17795 84284 
65165 28431 48414 87190 70493 33963 40597 20210 3695 30926 
60797 52181 43525 61629 47187 18067 84850 49372 91287 45384 
19888 63688 34022 85869 36054 64374 81687 66657 9074 99481 
50940 90590 44263 15705 77779 14756 49668 34727 51317 69714 
82004 12113 38246 41880 90093 85432 76299 74943 34804 83937 
20326 71043 47624 70700 56911 83677 51425 54949 50334 76850 
70781 1273 83791 15044 33330 77922 46151 82997 12648 97467 
69062 94652 25932 7307 52883 16024 9091 29181 7318 43894 
13118 27644 31288 60741 14695 88198 44418 82471 59499 11103 
59321 30279 28727 43111 45322 62056 21032 7824 61404 50032 
21643 30465 61035 47574 54124 13917 79949 63214 43098 87267 
23459 72567 31262 54746 33307 62308 59295 94076 44778 18793 
5178 4098 49072 33905 63561 10745 95960 944 34921 57364 
67327 56563 4180 28361 4136 58303 58630 84084 37868 1727 
87702 61326 74293 18963 32423 23951 81270 91718 18027 26048 
26862 39556 46497 92285 89812 26409 19382 2124 43705 54302 
75839 11031 10864 80018 55744 14999 38321 14373 15434 92540 
16099 19488 70218 6743 38450 2640 47045 36072 10709 81423 
78471 37571 20979 24967 46207 27142 67728 65588 29265 11432 
19889 5103 38814 30752 85121 94557 62102 39793 8929 93888 
32332 41379 13375 18901 64473 68176 21541 11518 4247 48601 
92940 82717 86171 30270 24036 48730 57412 8115 14317 3028 
19546 50558 8131 58359 97661 9603 69268 76115 65747 78196 
70002 14430 19575 99728 33331 84047 67903 54871 11916 88502 
3471 21208 71218 5994 51477 11605 54723 25240 19719 85391 
44620 55616 35948 52750 30327 49961 78704 99594 26075 44450 
77789 96076 58879 13715 12155 92209 14114 96409 63431 26029 
84910 83254 47236 72480 5599 15065 84084 76673 56656 20155 
62063 1275 75770 14363 70376 6096 64323 49079 22041 6749 
93528 16182 19176 68759 29896 31330 77319 44009 27738 57102 
86390 12648 40355 33625 1479 45953 48689 85562 22625 21697 
22068 1039 22971 97838 31753 93347 20285 12427 42425 42326 
19175 52305 58507 38350 37415 4754 86031 14733 65115 13769 
71834 51504 42768 28540 85128 44246 90844 50169 46159 29820 
71865 68227 30859 11187 82416 78963 4533 2700 91390 63310 
61377 26916 31966 36235 65266 69380 57341 51296 464 22455 
81416 88650 73958 24183 17189 75437 84780 8033 41957 30939 
37852 13821 15517 85062 41360 97932 64025 45892 16983 71766 
25553 94712 98681 57518 30946 80298 26897 4638 47946 27361 
27092 29361 32362 1049 69896 49550 92838 71027 73934 34794 
1965 28138 64967 17481 29551 6326 31764 93575 68569 48747 
81692 94122 43458 80373 51639 90755 60670 94888 95393 8615 
38600 22484 54328 70961 39885 40575 36862 32722 11601 27148 
67515 29918 55285 32481 47398 84835 55158 95514 94762 23727 
44260 76453 17848 87717 73177 85838 94823 50199 97077 90215 
58813 35676 12699 29492 22988 68935 70066 59850 1656 98019 
86997 85522 27936 58633 34355 91685 43467 89512 87198 54580 
13238 31457 31033 47437 35525 20561 49627 30348 70759 46703 
20562 45924 82379 49612 75415 5366 18546 61833 81567 36553 
59851 68563 22075 4138 27195 56429 95822 87014 62292 83020 
41593 75530 30828 88977 39318 82705 9538 88944 13052 96648 
35647 49965 42571 34377 15929 34338 56094 34474 96170 37661 
87379 72372 6223 25805 92861 49770 82233 88682 36783 60876 
88053 94727 36405 18881 83704 92075 17937 9593 81018 30988 
6240 33016 97304 48811 67392 13232 99500 23486 64058 12021 
77498 51436 84392 83720 77240 93604 49841 75824 82285 86623 
36699 86690 97702 89456 21922 81405 81530 39858 7349 78899 
70845 13588 28267 84500 78750 95658 97732 78249 35495 78141 
90269 12992 29576 91012 13064 23167 84615 79256 15342 83252 
82231 68392 69941 79932 57847 8214 77688 55728 48071 85036 
50979 35267 14975 79245 19766 10077 91254 33849 88325 26749 
11989 94946 56092 57916 2309 85507 97434 3276 64763 12775 
86527 46993 81167 72819 26924 55365 81032 20963 27445 29102 
5998 78423 64368 37324 57667 485 47400 48920 34334 52077 
92020 62674 47022 48112 20590 65682 49970 18023 68957 14732 
30798 55483 78076 28316 44653 21351 32 42036 42313 27476 
71137 64662 5898 51856 1986 63564 68693 49385 28836 3026 
1461 20855 65699 64834 85318 2640 30516 35288 20663 99472 
66371 67812 71307 60799 12479 32311 82149 12510 74347 24462 
39986 45483 89123 62235 13691 7460 42151 98735 56845 70986 
1760 74657 8192 83810 55843 93510 86450 2710 45149 23464 
2181 27871 7627 89839 88669 20105 22150 87170 48966 96496 
27983 88951 58330 33457 51186 88372 40917 93336 87106 14113 
80673 5217 88769 88864 5379 60963 98725 8180 63672 43873 
31643 82205 71744 55621 72043 76764 75725 10544 63933 41042 
23391 91915 29993 81721 25372 97530 86444 66288 7217 73550 
96752 4241 95118 1872 93104 496 62835 91829 8675 42858 
52053 56669 25062 40148 12289 13457 16912 4365 24000 97196 
45407 47391 89111 91751 45463 30834 5632 31906 13473 12848 
21807 10224 33440 16925 12095 26543 17420 91281 34723 26095 
34139 86776 99115 59200 26923 11404 89008 60186 32120 13008 
57382 77526 76750 46492 69276 38564 93677 74907 70469 7149 
4106 8628 33724 37545 25552 45818 80440 59323 37099 15162 
85417 87589 18289 884 46788 45212 12287 35796 21749 44406 
65155 79130 38284 58256 41973 7559 96819 35649 98818 83639 
59149 19275 92266 92872 73172 17817 55042 53611 93492 8492 
85124 95260 96080 3413 96143 59219 64976 24781 11366 86724 
85539 76520 65854 23822 51127 24178 47732 47945 59827 46549 
47936 18975 82176 40201 28199 55347 74370 83240 8957 67861 
8083 10432 63120 4162 13844 59263 63380 95171 395 91098 
81895 85933 67617 64100 9754 35096 88277 57486 83040 64455 
20386 47327 99782 2561 87528 44332 57907 78249 27571 83215 
62461 35653 93647 25580 56166 23842 1194 35897 19013 1589 
26994 17259 87521 10963 97710 13627 46058 2338 71112 45449 
83145 7849 92776 82926 26762 96655 27257 1020 74903 71179 
84235 37363 23183 94233 79294 95700 18074 80488 31596 53438 
98428 74942 87048 2300 85904 84757 15926 31961 3447 3389 
93761 86591 11238 86536 85868 54351 83190 29476 55370 74444 
17006 55956 11806 40188 50188 91100 52239 84614 87939 83834 
54403 2718 75127 41451 5017 61030 42559 37295 9342 46005 
40683 3103 48947 68272 5990 34814 22622 89180 80641 77992 
79975 97646 50299 91781 54185 487 99232 6423 1452 3522 
6609 55854 6239 81735 13656 27607 59117 72567 64901 68458 
18571 21936 87912 83870 90207 93902 18683 29181 99433 15676 
7172 79407 13321 57470 87539 67506 74308 3122 73928 92111 
6643 80536 64317 29233 78623 77972 56840 37739 50538 38092 
22548 85461 60027 10460 69330 66586 20713 4364 95766 36497 
36391 19289 32255 49712 93110 36146 17217 83770 39267 7496 
75880 45910 4384 40196 91494 83006 34520 48333 37096 1409 
2777 59643 3221 62803 86454 88902 45740 23518 9618 41505 
60014 46008 60793 8621 95719 53903 44766 12935 54024 84032 
36783 29903 46293 41166 86451 37787 24171 20970 2471 61266 
38730 21599 20908 41951 84402 23714 30852 46493 47231 56821 
87998 23597 2829 65142 32217 98547 35396 93334 27834 89419 
93717 64616 19322 56362 5781 22124 94148 46303 43093 12970 
23920 98174 34569 44827 40124 35322 84892 87328 81814 32123 
44148 86163 72071 63328 51305 4287 78227 3052 97620 6060 
92471 7688 87027 28144 64049 9159 50267 74548 71813 9711 
87518 95732 7884 38438 56910 64360 90111 41802 68039 71924 
90276 28538 74439 62346 91866 42095 66632 70092 45146 80603 
92503 53968 4642 95881 98463 68691 5039 48729 43238 93203 
74791 47107 88934 99027 85544 45843 63386 75654 87644 31424 

